0.894608 0.9145629 1.341773 1.168954 0.9631905
0.9616916 1.115019 0.949322 1.330605 0.4676844
0.5037792 2.018845 0.8177791 0.7683258 0.5821054
0.4337639 0.7174161 0.4510904 0.6335511 1.401603
1.63645 0.8204071 1.691695 0.6414458 1.789106
1.252174 1.080935 1.301017 1.247003 1.549983
1.389909 1.314955 0.8519938 0.9628072 0.7073577
1.212666 0.6883886 0.7567291 0.7154377 0.8951398
1.046017 0.8726411 0.5558275 0.7659971 0.9969139
1.201175 1.26706 1.418863 1.233024 1.152694
0.6660759 0.9944796 1.210132 0.9411549 1.071618
1.39877 0.8395236 1.467679 1.116429 1.317488
1.421206 1.234702 1.329024 0.9969873 1.196994
1.011705 1.447035 1.247197 1.238005 0.8689298
0.8189017 1.452237 1.174196 1.265134 1.248936
0.9627828 0.9898498 1.035748 1.160018 1.186701
1.052432 1.386726 1.215781 0.8812127 1.615621
0.9323736 1.601655 1.135656 1.515989 1.01535
0.9128495 1.130396 0.8828636 1.187828 1.400739
0.9785572 1.457876 1.093808 0.8285847 1.264486
1.379141 0.8616598 2.014374 1.220406 0.7844661
1.30046 0.822064 1.246869 0.8985771 1.288597
1.095538 1.219433 1.625709 1.343119 1.074346
0.7969023 1.403843 1.256662 1.413194 1.127045
0.9105516 1.27062 0.8842305 0.9592142 1.120292
1.227866 0.8288137 1.198635 1.051282 1.476375
1.458591 1.192225 0.8635925 0.4641319 0.6895753
0.5740949 0.9598847 0.8713753 0.7236778 1.336704
1.066398 1.455953 0.9785158 1.347661 1.144947
1.574491 0.6042445 0.7129324 0.9979657 0.9655985
1.438968 1.371512 1.562317 0.8765265 1.078417
0.8894135 0.5132877 0.6002465 0.8416612 0.7311406
0.709242 0.6287068 0.8433644 1.376681 0.6637725
1.496583 0.8134595 1.311599 1.323151 1.562554
0.5830796 0.8854346 1.220313 1.245646 0.7079854
0.9479056 0.6953343 1.136864 1.037587 0.6189931
0.6417999 0.7449358 0.8541739 0.752842 0.8998275
0.648101 
