0.007169832 0.0329683 0.07225457 0.05414163 0.1033735
-0.03552271 0.07135966 -0.04957806 -0.02273914 0.1197847
-0.003901314 0.1052966 0.06919587 0.09149625 0.03712814
0.2075011 0.1274403 0.1784451 -0.06498573 1.31473
2.032025 1.938368 2.780627 2.405062 3.145314
3.219723 2.20949 1.288269 2.591169 1.443029
1.692839 1.491431 1.003848 1.169608 1.301161
1.680134 1.682241 1.376551 2.268378 0.9548016
1.902183 1.753178 1.684473 1.782637 1.763909
3.159616 2.31507 2.582187 2.818452 2.431793
3.397406 1.505008 2.799453 1.453645 1.585041
1.071041 1.356121 1.780092 1.077146 1.804557
1.287521 1.571959 1.063558 1.32043 1.642943
1.715543 1.428973 1.628177 1.758889 2.055619
2.495495 2.539134 2.564967 1.973576 2.762911
2.315601 2.451928 2.741871 2.661518 2.406739
2.283767 2.492329 2.079378 2.358196 2.51724
2.251253 2.10563 2.42796 1.987599 2.332781
1.865994 2.023972 3.275217 2.16481 3.06534
1.994151 1.948228 2.330437 2.540087 2.419275
2.110189 1.929477 1.740386 2.751976 3.35108
2.542594 2.595169 3.034761 2.127262 3.129735
2.55219 1.869726 1.410473 2.472497 1.84298
1.482533 2.139674 2.524495 1.808105 2.075724
3.413234 2.57418 1.917358 2.025951 2.724508
2.208756 2.572632 2.187072 2.072667 2.462846
2.306809 1.820869 2.153101 2.030678 2.36903
1.864145 1.56394 2.073135 2.758471 2.004099
2.272865 2.146302 1.726954 2.785753 2.089272
2.17388 2.433804 1.726028 2.035367 2.313133
2.536475 1.708456 2.90484 2.653791 1.522397
1.926041 3.051795 1.660792 1.226213 1.610408
1.687545 1.607194 1.684197 1.9111 2.093837
2.575666 2.479292 2.472246 2.334233 2.473663
2.2167 2.258647 2.457448 1.180026 2.170884
1.856284 2.768808 1.899948 2.115177 2.805773
1.599081 1.713371 1.71276 1.456377 2.134633
1.356237 1.750254 1.786984 2.786192 1.998669
2.317034 2.647493 2.352158 2.234761 1.926716
2.425081 2.56664 1.505472 2.714857 1.743161
1.707209 0.5867229 1.667623 1.990107 1.229168
1.510124 1.300967 1.516044 1.393267 1.992823
1.392249 1.702547
