0.03781256 0.1210628 0.2687114 -0.02145732 -0.1309505
-0.1015319 -0.1800722 -0.008345023 0.6271838 0.3816324
0.37702 0.04981805 0.2078239 0.4086944 -0.4761583
0.2427012 -0.2005026 0.1336136 0.3450276 0.2032482
4.114733 4.73559 5.668286 3.944497 4.885538
5.066898 5.212021 4.597034 4.798183 3.419795
4.359248 4.178142 2.967609 3.494985 3.29219
2.717652 3.215128 2.631364 2.827766 3.50283
3.582288 2.139011 3.512344 3.080717 6.022804
5.620083 5.942878 5.109815 4.686744 4.338698
6.630377 6.147046 5.380078 3.374851 2.588964
3.398295 3.455554 3.354771 3.673174 2.300226
3.257693 3.381032 1.561179 2.986422 3.972596
4.270155 3.352637 3.4447 4.316558 5.208719
5.363886 5.736018 5.215704 2.867787 3.131224
4.294634 5.611133 3.569291 4.986544 4.334365
5.868357 5.354804 2.851653 5.804225 4.955874
4.404291 3.866957 4.212985 5.23513 5.635643
3.541652 4.425661 4.317295 4.769192 4.317297
5.240072 6.07008 3.882894 3.785907 5.129728
4.816435 6.64043 5.077923 5.079752 4.456472
5.856604 3.973074 3.072753 4.45805 4.366112
5.025853 3.758546 3.711773 2.720943 4.965781
5.926919 6.436538 4.863022 5.973683 5.228345
5.542614 4.945005 4.901841 6.272896 5.357507
4.433583 3.821605 5.301432 3.9836 3.830045
5.166214 3.975959 4.276626 3.856335 3.544465
5.741353 1.794752 5.188825 4.70143 4.84735
4.280186 5.739021 3.592935 3.559199 4.641261
5.178437 5.73726 6.145143 5.493531 5.011518
5.503871 3.756564 6.085276 4.143604 4.673519
4.417932 5.605371 3.247639 2.656859 2.871061
3.086736 2.906104 2.469102 3.398132 3.412785
5.528245 6.286343 4.790435 5.268493 6.65825
4.91265 5.932727 5.851617 3.729533 6.608371
4.343981 5.299131 5.030734 5.76716 5.152675
2.287065 3.289326 3.056929 3.595935 2.999784
2.634551 2.94961 2.81689 5.175971 5.441312
2.922494 3.477942 2.481292 3.440284 3.344862
3.077602 5.07403 4.586081 5.183778 3.111893
2.649596 2.95285 3.766789 3.43865 2.6083
2.867541 3.55044 3.37334 3.116199 2.285867
2.508059 3.597215
