14.95061 10.10075 10.34393 10.34393 10.28266
11.08624 14.50262 12.75947 14.55889 13.59632
12.25124 10.64056 13.6016 10.91694 5.125935
9.783724 12.96035 13.26465 13.55863 9.872039
8.398996 17.85928 24.7788 9.764235 10.49876
13.39142 13.48661 12.80835 7.989762 7.989762
7.989762 7.989762 7.989762 7.989762 7.989762
7.989762 7.989762 7.989762 7.989762 7.989762
7.989762 7.989762 7.989762 7.989762 17.85525
18.49216 17.80811 18.71908 17.37801 18.64745
15.34994 16.8806 18.77998 18.77998 18.77998
18.77998 18.77998 18.77998 18.77998 18.77998
18.77998 18.77998 18.77998 18.77998 18.77998
18.77998 18.77998 18.77998 18.77998 12.52319
15.1106 15.04859 19.43483 15.66157 17.67794
17.89485 13.56199 15.85025 19.24444 21.5276
17.77051 18.95266 12.28361 11.25962 11.84167
8.517205 11.3586 9.532007 9.106252 13.27078
12.51817 9.772638 12.67721 11.96848 10.72846
13.33968 12.50995 11.05445 17.67125 20.71531
13.95093 21.36764 19.57789 18.13954 16.81521
21.24732 18.66345 20.07061 14.06006 16.85496
14.5071 14.19241 20.42459 9.428195 11.68043
13.70683 13.37606 13.3543 19.06081 15.56331
14.30925 26.67265 15.1442 17.58875 13.41126
13.78292 18.31095 19.04185 20.16041 24.52212
17.5975 15.94687 14.46978 17.20125 18.56402
23.68885 17.48065 20.87889 17.82442 18.37229
25.44363 18.00481 20.04141 24.19948 18.07307
18.75645 20.93175 8.987792 19.43774 18.27665
19.94161 15.18828 22.60502 12.13219 24.41254
15.41275 18.52304 18.52304 18.52304 18.52304
18.52304 18.52304 18.52304 18.52304 21.43573
14.85284 20.83856 18.80294 17.60824 9.552106
15.22425 13.72683 20.05348 22.58801 9.658886
18.54295 16.19744 17.60774 21.72951 10.36536
10.22165 14.52993 11.76595 8.066451 13.99788
13.99788 13.99788 13.99788 22.48818 13.49476
13.49476 13.49476 13.49476 13.49476 13.49476
13.49476 16.79692 15.74995 19.00087 19.00087
19.00087 19.00087 19.00087 19.00087 12.23223
11.87703 15.88127 13.85636 13.85636 11.36287
9.747053 11.32515
